ID	Quiz	HW AVG	Project	Midterm	Final
1	80.9	57.4	97.3	68.5	46.0
2	93.8	97.5	94.3	90.5	97.0
3	81.9	87.1	76.6	56.0	59.5
4	73.2	89.9	91.5	55.0	54.3
5	55.9	52.5	88.6	66.0	0.0
6	65.8	48.3	83.3	71.0	67.0
7	76.0	79.8	89.9	60.3	55.0
8	84.2	95.2	75.0	78.5	89.5
9	87.3	93.1	88.6	74.0	88.5
10	95.3	95.0	87.8	88.0	87.0
11	79.9	86.4	83.0	60.5	53.0
12	87.8	94.7	88.4	76.0	83.5
13	92.9	97.6	95.9	89.0	88.5
14	90.0	96.5	94.9	76.0	97.0
15	70.4	89.3	92.1	78.0	61.0
16	90.7	79.9	88.1	80.0	75.5
17	90.9	96.5	87.0	93.0	89.0
18	88.2	96.1	91.4	84.3	91.0
19	87.5	90.5	88.6	64.0	85.5
20	96.8	99.5	97.3	92.0	96.0
21	89.0	85.1	91.6	63.5	52.0
22	78.9	83.5	73.3	90.5	95.0
23	97.6	89.6	90.5	89.5	98.0
24	95.8	76.1	92.6	73.5	87.5
25	89.7	96.5	96.9	75.0	63.5
26	92.4	95.9	83.5	77.8	62.0
27	58.3	93.7	90.4	68.3	87.5
28	67.6	67.5	83.1	71.0	50.5
29	62.5	59.4	96.9	66.8	0.0
30	95.2	89.6	84.1	80.8	95.0
31	67.3	89.8	91.3	56.5	62.0
32	74.4	85.1	93.4	77.5	76.0
33	81.3	70.9	87.9	76.5	68.5
34	92.9	88.7	93.0	78.0	87.0
35	86.9	89.7	87.4	82.0	78.0
36	63.5	88.3	89.7	58.5	13.0
37	81.1	78.9	77.2	59.0	56.0
38	93.6	98.2	88.6	86.0	94.0
39	92.0	89.8	78.4	82.5	84.5
40	83.6	82.3	83.9	74.5	87.0
41	93.1	96.2	85.0	80.0	91.5
42	77.2	53.5	87.1	36.5	63.0
43	84.4	87.2	93.6	66.5	88.0
44	83.7	83.0	92.1	93.5	79.0
45	94.5	97.2	94.8	88.5	97.0
46	80.0	83.8	92.5	53.8	69.0
47	66.2	73.2	88.6	38.8	47.0
48	87.6	94.8	85.0	78.0	87.0
49	89.0	81.1	95.9	70.5	70.0
50	65.0	62.2	93.4	30.5	68.0
51	78.8	95.0	88.5	83.8	79.5
52	86.9	94.8	85.5	81.0	89.5
53	71.2	86.5	88.4	41.5	45.5
54	84.8	90.4	93.9	84.0	80.8
55	40.5	31.8	88.2	0.0	0.0
56	80.8	90.7	95.1	65.3	68.5
57	70.4	75.5	85.0	70.0	48.0
58	42.3	31.4	68.6	48.8	31.5
59	78.1	92.1	88.5	67.3	67.0
60	86.8	88.0	90.5	77.5	82.0
61	79.5	42.2	92.0	76.8	54.0
62	76.3	74.3	77.6	68.0	59.5
63	80.8	89.6	96.9	76.5	66.5
64	74.2	72.6	87.9	36.5	58.5
65	78.5	76.0	80.7	72.0	66.0
66	92.0	91.7	86.2	89.0	77.5
67	85.9	82.2	92.5	64.5	80.5
68	92.1	88.8	88.5	62.3	89.5
69	72.7	62.2	88.5	58.3	72.5
70	96.0	98.8	95.8	88.0	83.5
71	55.6	78.9	97.8	62.3	51.8
72	93.8	96.9	89.5	90.0	80.5
73	81.5	74.5	68.6	66.5	50.5
74	12.5	13.5	88.7	0.0	0.0
75	54.4	86.7	91.8	65.3	22.3
76	66.7	76.9	82.6	55.0	46.0
77	75.2	85.0	94.1	57.8	48.0
78	80.6	75.3	91.3	34.0	76.8
79	82.3	72.2	91.3	71.5	78.3
80	94.9	75.4	87.9	70.0	88.0
81	64.6	72.1	80.9	50.5	84.5
82	82.8	84.4	87.3	64.5	80.0
83	79.7	95.1	88.3	51.0	90.5
84	87.5	87.0	86.6	85.0	75.5
85	89.2	81.1	76.8	77.0	85.0
86	85.9	80.4	93.9	84.8	87.5
87	76.3	74.8	78.7	72.3	79.5
88	90.2	96.7	80.4	57.0	50.0
89	86.0	90.0	87.4	57.0	52.5
90	51.8	51.5	94.1	78.0	44.5
91	38.6	48.6	98.0	54.5	0.0
92	75.9	73.7	81.5	76.0	87.5
93	85.5	84.3	72.2	77.3	79.0
94	85.0	96.8	95.1	81.8	79.5
95	97.5	94.5	91.6	92.5	95.8
96	95.4	81.4	96.5	92.0	86.5
97	83.7	75.7	88.6	80.0	46.5
98	83.9	97.3	82.5	56.3	83.5
99	88.7	89.7	80.8	86.0	92.5
100	89.9	79.5	92.3	97.0	95.0
101	75.3	61.6	81.5	60.8	77.8
102	96.2	97.1	95.6	79.5	80.5
103	87.2	87.4	90.1	81.5	72.0
104	84.8	85.6	94.5	54.5	55.0
105	79.5	86.5	87.0	63.0	66.0
106	89.5	88.0	86.6	77.0	87.0
107	86.6	93.0	74.7	83.0	78.0
108	92.0	93.3	85.0	63.8	71.5
109	84.3	59.7	93.4	70.3	78.0
110	54.7	64.2	96.0	26.0	40.5
111	82.5	73.4	91.3	66.3	57.8
112	84.9	84.7	92.2	57.5	55.5
113	91.1	66.0	88.1	62.8	75.0
114	77.4	87.1	88.8	62.8	71.0
115	79.8	71.1	88.1	56.5	80.8
116	83.0	94.8	92.9	61.0	75.0
117	95.2	95.0	97.3	96.0	92.0
118	84.0	95.4	74.8	79.0	74.0
119	87.0	79.3	86.9	72.0	78.0
120	52.1	75.9	86.3	54.5	33.0
121	84.2	94.3	92.3	64.0	72.5
122	79.7	68.9	92.5	37.0	74.8
123	93.0	95.2	82.9	65.5	79.5
124	89.4	86.6	88.0	77.8	74.5
125	93.7	79.3	90.9	60.5	70.5
126	87.9	92.3	97.3	54.8	70.0
127	70.2	78.0	98.6	77.5	43.8
128	82.7	89.7	97.2	82.5	83.5
129	79.9	75.5	94.8	45.3	26.8
130	82.5	94.7	92.1	72.0	85.3
131	92.7	91.9	94.8	80.8	78.0
132	73.9	77.7	87.2	52.8	75.0
133	85.7	84.8	94.8	85.5	60.5
134	70.7	80.1	92.0	61.8	53.0
135	91.0	97.0	90.5	81.5	81.0
136	85.8	73.5	88.5	72.5	75.3
137	97.6	97.5	87.1	96.0	87.5
138	93.4	99.0	82.9	67.5	92.5
139	92.6	97.9	82.9	70.0	93.3
140	76.0	88.3	81.4	80.3	81.5
141	81.8	77.7	88.7	76.3	72.5
142	62.3	58.4	77.7	50.0	35.0
143	80.0	80.4	83.8	58.0	57.0
144	89.6	87.6	94.6	85.0	91.0
145	83.3	92.4	93.4	92.5	70.0
146	94.2	97.2	93.6	88.0	93.5
147	91.6	95.0	93.8	67.0	86.0
148	93.4	96.0	88.5	76.5	95.5
149	46.7	78.1	88.0	85.8	64.8
150	79.7	91.5	83.1	28.0	62.0
151	90.1	94.3	88.0	81.5	72.5
152	95.9	97.5	97.3	77.0	96.5
153	73.3	88.4	91.2	49.0	64.5
154	71.6	77.8	87.0	72.5	67.3
155	89.2	96.0	88.3	74.3	83.0
156	66.8	59.3	94.1	32.0	73.0
157	88.4	92.4	91.5	85.0	81.0
158	72.5	12.8	92.3	79.8	88.5
159	99.1	98.7	88.9	90.0	97.0
160	84.6	93.3	71.1	63.8	89.5
161	92.5	88.2	88.6	86.8	85.3
162	85.2	70.5	82.0	61.8	62.5
163	86.3	94.6	95.7	81.8	72.5
164	82.1	88.6	87.9	73.0	79.0
165	92.6	96.5	92.1	93.5	92.0
166	95.0	96.5	82.2	70.0	93.0
167	60.4	54.5	83.4	79.0	0.0
168	78.1	81.9	83.2	47.5	92.5
169	42.5	40.3	83.5	41.5	50.0
170	91.6	94.8	93.5	67.5	63.0
171	52.3	60.8	71.1	77.0	87.5
172	75.3	89.8	87.0	73.5	53.8
173	96.5	97.6	96.9	82.0	61.5
174	81.7	89.3	97.3	80.3	53.5
175	56.6	73.1	77.7	41.0	42.0
176	91.6	86.9	95.8	57.0	48.5
177	74.2	70.9	68.9	55.5	63.0
178	96.4	97.4	94.9	96.0	89.5
179	93.1	92.8	91.2	86.5	84.5
180	80.3	83.9	95.7	54.0	44.5
181	93.0	92.0	92.4	74.8	63.8
182	88.7	93.2	71.1	68.8	87.0
183	91.3	96.2	95.9	77.0	79.0
184	74.7	87.1	91.1	87.8	79.0
185	71.5	83.5	88.5	54.0	44.5
186	89.1	88.2	90.9	76.8	76.0
187	84.8	85.8	88.7	78.5	79.0
188	71.3	80.9	92.3	60.5	59.8
189	76.2	92.9	93.1	72.3	66.0
190	69.3	55.5	88.8	72.8	81.0
191	85.0	82.0	83.5	74.0	76.8
192	72.8	87.6	92.4	63.5	62.0
193	90.2	89.9	76.6	82.0	77.5
194	85.4	88.1	92.1	54.8	62.5
195	85.0	89.5	83.0	69.5	87.0
196	82.7	92.6	88.6	83.5	94.5
197	85.5	93.3	86.4	69.0	83.0
198	89.6	87.9	86.6	57.5	52.0
199	95.0	87.1	94.3	83.5	79.5
200	84.9	90.1	92.9	79.0	79.0
201	87.6	88.9	87.0	56.0	68.8
202	75.6	97.1	76.9	67.5	86.8
203	81.5	82.8	93.1	89.5	86.0
204	95.8	93.8	93.9	81.0	62.0
205	80.0	63.1	82.0	77.5	79.5
206	65.1	74.3	79.9	60.5	66.0
207	95.6	93.9	80.5	83.0	88.0
208	71.5	89.7	94.1	53.5	64.0
209	94.9	98.1	94.8	76.5	87.0
210	91.3	86.8	88.6	60.8	73.8
211	85.4	90.4	90.0	49.5	70.0
212	77.3	85.5	94.2	32.0	66.5
213	95.7	95.8	93.3	91.0	91.0
214	83.1	70.6	86.1	70.8	53.5
215	76.5	87.6	92.4	73.3	70.5
216	78.1	87.8	87.2	70.0	76.0
217	94.0	96.8	88.6	83.5	81.5
218	89.3	96.0	93.0	77.8	83.5
219	81.3	93.6	86.1	67.8	91.0
220	85.5	93.4	90.1	60.8	69.0
221	95.6	97.5	83.6	81.3	68.5
222	60.6	78.9	83.9	35.3	53.3
223	87.7	89.4	91.3	69.0	72.5
224	86.5	94.5	96.3	63.5	67.5
225	80.3	50.1	95.3	74.0	84.0
226	94.4	92.4	84.2	63.3	86.5
227	87.7	95.4	87.4	72.0	89.0
228	95.4	94.1	96.9	91.0	98.0
229	79.3	89.0	67.7	50.0	76.5
230	82.4	72.6	94.8	58.5	62.5
231	72.4	82.3	92.4	67.5	76.0
232	92.6	98.6	85.5	94.0	80.5
233	91.6	92.8	96.0	89.8	81.5
234	85.9	95.8	86.1	75.0	88.5
235	73.5	84.9	86.2	77.0	92.5
236	71.7	58.2	83.5	50.8	73.0
237	69.6	73.6	94.2	53.5	52.3
238	87.4	88.4	93.1	81.5	77.5
239	82.8	90.5	88.0	66.0	80.5
240	57.0	52.6	94.1	43.5	86.5
241	64.4	76.4	86.2	46.3	69.0
242	92.7	96.2	80.4	70.5	82.0
243	88.6	84.0	76.6	61.8	72.0
244	95.7	94.1	92.3	83.0	70.5
245	78.4	92.4	86.3	58.0	57.5
246	72.8	87.6	94.8	63.5	58.0
247	89.3	93.9	94.3	64.5	77.3
248	90.6	72.7	94.3	60.3	72.5
249	75.1	95.9	83.4	63.5	84.8
250	88.0	89.1	86.6	58.0	80.5
251	93.1	78.2	83.8	77.0	87.0
252	76.5	81.5	91.4	46.8	82.0
253	66.0	82.7	67.7	0.0	55.5
254	93.9	92.5	93.8	76.5	68.5
255	79.2	83.7	88.0	57.0	73.5
256	79.4	71.5	94.0	38.0	71.0
257	78.8	91.9	91.7	40.0	50.0
258	85.9	84.6	91.6	68.0	73.8
259	88.4	95.2	99.0	94.5	96.5
260	90.6	85.7	94.9	50.5	82.5
261	91.4	94.3	83.4	87.0	98.0
262	90.8	84.6	87.9	61.8	62.0
263	80.4	86.5	85.7	40.3	32.0
264	86.1	91.0	88.5	70.8	84.8
265	87.9	94.7	90.1	83.5	81.5
266	89.6	88.6	86.7	0.0	73.0
267	78.5	57.9	86.8	60.0	73.0
268	59.7	68.2	93.5	50.0	46.0
269	72.1	89.4	94.9	51.0	74.5
270	78.0	81.7	96.0	77.0	65.3
271	80.1	69.9	93.0	76.3	71.5
272	97.5	99.2	89.8	90.0	90.5
273	84.0	88.9	88.7	69.8	74.8
274	96.3	97.6	80.5	84.5	90.0
275	92.2	78.8	93.4	90.0	82.0
276	90.2	90.0	94.2	70.5	94.8
277	77.6	84.7	88.2	40.8	81.0
278	73.1	65.0	94.2	51.5	68.0
279	90.7	94.8	68.6	63.5	65.3
280	82.8	94.2	96.0	64.0	52.0
281	74.1	64.0	81.5	67.5	70.3
282	81.3	89.6	83.5	71.3	87.8
283	96.1	97.5	95.3	87.0	89.5
284	95.8	97.4	94.8	85.3	94.0
285	84.6	93.5	88.2	77.5	77.0
286	85.4	92.1	93.0	69.3	82.0
287	87.6	91.9	84.1	67.8	72.5
288	91.9	95.2	94.5	70.5	83.0
289	84.8	81.0	93.5	67.5	29.5
290	81.5	92.7	91.8	58.0	90.5
291	71.6	77.4	83.5	87.3	71.3
292	90.4	84.6	94.9	57.5	64.0
293	91.1	92.3	74.9	83.0	83.0
294	82.9	85.4	93.3	60.0	79.0
295	87.3	94.0	93.5	87.8	77.8
296	86.3	93.8	92.3	69.3	69.5
297	86.3	82.0	94.3	55.3	28.5
298	64.7	27.3	83.5	73.5	66.3
299	87.9	69.4	87.2	65.0	51.8
300	75.5	68.2	73.9	55.5	65.0
301	75.8	86.2	83.0	45.0	56.0
302	92.1	92.2	86.7	80.3	84.5
303	77.4	90.5	80.8	77.0	80.5
304	73.5	90.2	83.1	51.0	62.5
305	58.1	67.7	91.3	49.0	54.5
306	74.8	88.4	82.6	66.0	61.8
307	86.6	92.4	92.6	91.5	80.0
308	88.0	93.7	80.1	60.0	66.3
309	94.5	95.6	93.3	90.3	91.0
310	87.6	87.0	92.3	62.0	74.0
311	88.4	82.3	88.5	76.8	71.0
312	85.9	96.9	90.7	61.8	59.0
313	70.8	56.8	90.7	70.3	64.0
314	90.1	88.5	83.5	86.3	82.0
315	89.9	92.4	90.9	88.5	93.5
316	68.5	91.1	89.9	60.8	70.5
317	81.2	87.1	77.2	73.3	78.5
318	53.0	73.4	86.2	67.8	85.5
319	78.2	91.7	81.5	63.5	76.0
320	77.0	86.2	76.8	69.5	92.5
321	90.2	98.3	96.0	75.8	69.0
322	93.5	95.7	95.9	82.0	94.5
323	68.5	61.9	92.1	38.5	61.0
324	70.3	71.5	91.3	38.0	56.0
325	54.6	57.8	76.5	79.5	0.0
326	91.0	96.5	94.8	70.5	92.0
327	93.1	96.3	96.9	87.0	81.5
328	79.6	80.5	96.9	86.3	87.5
329	93.8	93.8	87.0	77.0	78.5
330	77.9	70.5	81.9	55.0	63.5
331	84.0	94.8	83.2	59.0	59.5
332	83.3	95.2	97.2	89.3	75.5
333	91.4	85.2	90.1	84.8	95.0
334	72.8	50.9	90.9	62.0	20.5
335	85.3	60.9	88.0	83.5	62.5
336	91.8	99.6	95.5	93.0	96.0
337	96.6	97.3	95.3	91.0	97.5
338	40.9	56.3	90.1	71.5	62.5
339	73.6	73.5	82.6	74.5	76.5
340	42.6	57.5	91.8	27.0	42.5
341	88.0	89.0	85.5	69.5	94.0
342	97.2	93.0	93.8	88.8	78.0
343	74.1	65.9	95.7	74.3	78.0
344	80.1	95.1	92.0	79.0	76.8
345	87.2	96.1	90.1	73.8	75.5
346	86.3	78.6	87.2	66.8	80.5
347	77.7	69.2	86.1	81.8	89.0
348	83.8	67.1	83.4	59.3	86.0
349	81.0	80.1	75.6	64.5	61.5
350	74.5	85.8	94.8	79.5	57.5
351	88.3	95.0	90.1	74.5	72.0
352	50.9	63.1	94.4	55.5	22.5
353	74.5	77.9	91.3	61.0	74.0
354	77.7	82.9	88.0	76.5	82.0
355	88.0	95.2	74.8	65.5	65.0
356	74.4	74.5	80.7	50.3	88.5
357	83.5	96.9	89.9	79.5	87.3
358	90.8	95.4	89.5	65.8	85.0
359	91.4	95.4	93.4	83.5	98.0
360	86.6	78.0	92.9	73.5	70.0
361	82.5	92.2	91.2	68.5	90.5
362	90.8	92.6	95.6	65.0	78.0
363	89.0	92.9	87.3	64.0	78.5
364	81.3	88.3	93.1	73.5	76.5
365	93.4	98.7	99.2	82.8	94.5
366	82.4	94.9	91.5	72.0	63.3
367	91.7	95.6	93.2	63.0	64.5
368	46.1	59.0	80.9	0.0	66.5
369	85.3	93.0	91.3	89.3	81.5
370	86.2	91.3	92.9	90.5	81.5
371	86.0	91.9	87.4	78.0	72.5
372	88.8	82.5	89.0	90.3	81.5
373	79.1	66.7	85.1	36.3	59.3
374	76.6	89.8	87.9	70.0	64.3
375	89.5	86.0	88.0	84.5	77.0
376	77.1	86.4	96.8	49.3	83.5
377	88.8	91.0	92.1	76.3	70.5
378	92.4	87.0	87.9	89.0	81.5
379	94.7	97.0	90.5	77.8	64.3
380	86.3	85.3	94.4	71.0	76.0
381	82.3	68.0	92.6	65.0	78.5
382	91.6	93.3	92.3	93.5	97.5
383	94.8	94.5	85.0	88.5	86.5
384	87.7	92.5	88.6	50.5	62.0
385	88.8	98.1	83.1	88.5	84.0
386	81.8	91.3	90.5	45.0	66.5
387	93.6	92.1	93.9	82.8	84.0
388	73.3	74.9	96.3	43.5	64.0
389	80.6	82.4	83.4	65.0	69.5
390	94.3	96.4	88.2	79.0	86.5
391	84.6	86.2	92.0	83.5	92.8
392	92.8	95.7	86.7	69.5	88.0
393	96.8	96.9	92.2	91.5	96.5
394	82.3	73.7	92.7	60.8	56.0
395	93.8	88.1	93.8	91.3	93.0
396	92.8	91.5	93.2	82.0	94.5
397	78.6	77.6	77.2	57.5	57.0
398	82.4	93.8	92.1	87.0	84.0
399	84.6	95.0	90.3	79.8	86.0
400	79.6	95.9	80.8	63.3	92.5
401	82.4	89.6	75.0	86.0	65.5
402	80.9	91.3	80.8	55.3	92.5
403	77.5	73.2	87.0	69.8	45.0
404	81.9	89.3	90.5	60.0	66.5
405	85.1	78.1	85.7	56.8	83.0
406	69.3	79.9	82.6	67.0	31.0
407	83.8	96.6	87.6	70.8	85.5
408	75.2	83.3	83.1	57.0	69.0
409	90.1	98.2	94.0	90.5	97.0
410	90.6	93.5	94.8	70.5	66.0
411	85.4	92.3	95.3	74.5	60.8
412	86.7	92.4	83.8	65.0	77.0
413	58.6	42.1	85.1	42.5	73.8
414	94.6	97.7	87.3	82.3	90.5
415	88.1	70.4	87.9	70.5	90.0
416	81.7	90.9	91.8	65.8	72.0
417	67.2	78.9	73.3	50.8	96.8
418	86.8	78.2	94.2	58.3	84.0
419	78.2	92.9	83.0	61.0	64.0
420	91.3	76.2	76.8	77.5	70.5
421	97.3	97.3	83.8	86.0	75.5
422	76.5	80.0	84.5	42.0	82.5
423	89.8	97.3	88.5	74.0	75.0
424	79.7	82.0	95.3	24.0	28.0
425	84.9	96.4	91.2	81.5	79.3
426	75.7	86.4	81.7	67.0	73.5
427	79.4	88.8	83.9	70.0	84.8
428	84.6	86.0	90.9	82.5	85.0
429	89.0	95.7	84.5	69.0	91.0
430	84.3	94.4	91.1	49.5	73.5
431	81.6	95.4	86.2	53.5	64.5
432	90.2	97.4	80.1	78.5	74.5
433	71.6	70.4	72.2	81.5	53.0
434	86.3	86.9	83.8	58.0	67.0
435	82.0	82.2	93.8	66.5	88.5
436	92.9	79.5	96.5	66.5	85.5
437	72.4	58.2	74.9	63.3	0.0
438	84.5	90.4	94.3	59.0	42.5
439	97.2	96.6	83.8	86.0	69.5
440	97.1	94.9	88.2	88.8	88.5
441	92.9	98.1	90.7	79.5	80.5
442	84.1	72.7	93.6	76.5	78.8
443	60.2	54.8	85.1	71.0	67.0
444	86.2	90.5	95.8	81.0	75.0
445	84.6	88.9	91.3	85.0	73.0
446	89.7	86.0	83.6	77.8	56.0
447	93.9	94.6	97.3	85.0	90.5
448	89.7	96.4	88.3	66.3	76.5
449	89.4	92.6	94.8	80.3	79.0
450	94.4	95.9	88.0	92.5	89.5
451	94.7	98.9	95.6	86.5	96.0
452	71.1	72.0	87.6	60.0	60.5
453	83.8	91.0	87.9	60.0	72.0
454	77.4	81.5	74.7	51.0	58.5
455	88.3	97.9	86.3	73.8	88.5
456	93.2	96.1	89.4	80.0	70.0
457	98.2	93.8	93.5	89.0	92.5
458	89.5	90.5	97.4	60.8	77.0
459	89.0	92.9	93.9	88.0	94.0
460	87.4	94.8	94.1	85.8	80.0
461	82.2	87.8	93.8	65.5	78.5
462	83.5	90.1	88.0	70.0	88.5
463	91.5	96.3	89.4	84.5	96.0
464	66.0	83.6	90.1	37.5	30.5
465	67.5	79.6	87.9	81.0	63.0
466	71.1	78.5	88.6	58.0	78.0
467	95.1	93.2	82.2	76.5	91.5
468	85.6	78.2	87.9	71.8	90.8
469	86.5	90.5	86.6	62.8	70.5
470	86.8	95.8	92.9	63.3	76.0
471	91.6	79.4	94.1	75.5	96.8
472	92.6	91.2	94.9	83.5	70.0
473	95.4	99.1	93.9	89.5	90.0
474	96.7	98.7	91.2	78.0	87.5
475	85.7	81.3	92.9	66.5	70.5
476	76.0	92.0	70.6	52.3	65.5
477	75.5	86.7	87.6	63.3	81.0
478	64.6	89.5	85.0	36.5	70.0
479	90.5	87.3	84.2	57.5	36.0
480	65.7	83.0	84.2	92.0	79.5
481	98.7	99.3	86.1	96.5	93.0
482	39.6	41.1	88.2	60.8	0.0
483	94.0	81.7	96.5	82.5	78.0
484	82.5	95.6	89.8	82.5	68.8
485	79.6	83.0	90.5	78.0	70.5
486	68.7	87.2	92.0	50.3	63.5
487	85.1	85.8	88.9	80.3	74.0
488	74.5	88.3	88.6	59.8	43.5
489	82.4	71.3	95.5	76.5	75.5
490	82.3	91.6	88.0	56.5	87.0
491	85.5	62.0	74.9	52.3	76.5
492	84.3	81.1	87.0	64.5	94.0
493	72.5	70.0	87.6	68.0	55.5
494	76.0	94.8	86.3	64.0	53.5
495	88.9	95.8	86.0	82.0	86.0
496	96.5	86.4	97.8	98.0	93.0
497	87.9	90.7	97.3	71.0	78.0
498	86.5	83.5	86.8	73.8	73.0
499	69.8	78.5	94.8	69.5	66.3
500	79.0	69.8	83.3	44.0	59.0
501	77.4	95.8	83.5	61.5	86.0
502	83.1	86.0	93.9	76.5	72.5
503	74.6	43.5	84.5	38.5	56.5
504	68.5	87.1	68.9	64.3	83.5
505	78.5	78.0	88.8	43.0	67.0
506	62.9	87.2	67.8	49.0	88.8
507	85.0	82.3	94.3	62.5	81.5
508	95.6	98.8	86.6	71.5	72.5
509	69.4	80.3	82.6	62.3	80.5
510	74.6	92.2	83.6	64.0	78.5
511	86.1	74.6	92.7	85.0	90.0
512	83.0	85.4	97.3	63.0	7.5
513	66.3	83.4	98.0	48.5	59.3
514	81.5	79.6	96.9	68.8	64.3
515	74.8	89.5	74.8	58.8	56.0
516	63.6	46.8	77.2	61.8	61.5
517	77.9	90.4	77.6	74.3	60.0
518	95.7	89.9	91.7	80.8	91.0
519	89.5	92.4	86.4	73.5	85.5
520	46.7	45.5	64.5	44.8	48.5
521	86.3	95.7	87.4	76.5	81.5
522	84.7	94.7	74.9	59.5	68.0
523	74.1	75.8	88.8	52.8	60.3
524	75.6	65.8	92.9	54.5	59.5
525	96.4	95.9	90.7	88.0	96.0
526	85.5	89.0	93.6	61.0	71.5
527	84.5	75.4	86.4	76.0	91.0
528	70.7	81.6	82.6	63.3	60.5
529	95.8	96.5	99.2	92.5	96.0
530	93.6	96.1	93.8	85.0	87.0
531	91.4	92.1	88.6	86.0	89.5
532	90.1	94.2	94.3	73.0	86.5
533	86.8	84.2	88.5	63.5	80.0
534	82.6	79.1	86.6	63.0	77.0
535	86.7	92.6	94.3	52.8	85.5
536	88.9	71.7	86.7	72.5	87.5
537	90.2	89.0	92.9	70.0	78.0
538	85.9	94.6	96.0	73.0	76.5
539	70.8	78.0	91.5	65.0	65.5
540	61.1	80.9	95.3	49.5	63.0
541	63.5	85.6	89.7	65.5	76.8
542	89.1	95.3	83.4	91.5	81.5
543	68.6	65.9	84.2	36.5	0.0
544	78.3	87.3	86.3	60.3	36.5
545	86.9	77.8	98.6	90.5	88.3
546	75.3	89.6	86.2	66.8	74.0
547	87.7	82.9	94.6	72.3	78.8
548	70.9	35.4	93.3	51.3	79.0
549	63.7	68.5	83.4	27.0	36.0
550	76.3	87.5	77.6	49.3	67.0
551	95.7	96.8	96.3	83.5	85.0
552	97.1	98.3	94.8	91.3	77.0
553	96.4	95.8	91.6	89.3	88.0
554	83.6	85.9	73.1	67.0	68.5
555	92.5	95.5	94.9	81.5	80.0
556	80.8	69.6	89.4	76.5	69.0
557	87.6	93.3	83.8	69.0	85.5
558	81.6	92.8	64.5	61.5	95.0
559	78.9	93.6	93.0	74.3	68.5
560	82.9	91.8	99.0	70.0	89.0
561	71.2	79.7	91.2	64.3	82.0
562	91.0	94.1	88.8	75.0	77.5
563	90.2	95.4	95.6	56.0	63.0
564	31.6	4.4	90.9	0.0	0.0
565	61.5	79.0	76.9	56.5	77.0
566	78.5	93.3	88.5	83.8	81.5
567	83.5	93.4	84.5	82.6	58.5
568	83.8	88.7	85.0	80.5	88.5
569	95.6	89.5	96.9	85.0	91.0
570	94.9	96.3	93.4	84.3	80.5
571	88.9	93.8	93.9	74.8	70.0
572	76.1	86.6	86.2	34.5	58.5
573	82.9	68.9	97.8	63.8	51.5
574	81.8	93.5	92.6	66.5	89.0
575	80.0	82.3	77.6	60.0	60.5
576	95.0	98.4	96.3	93.0	95.5
577	93.7	96.0	91.1	80.5	88.5
578	78.2	85.4	99.0	75.5	37.0
579	81.0	85.9	90.5	77.3	70.0
580	66.1	71.3	92.0	51.0	42.0
581	81.3	79.1	91.6	55.8	65.0
582	81.3	90.1	86.2	83.8	81.5
583	93.8	96.2	98.1	79.8	77.3
584	77.0	88.4	74.8	60.0	54.0
585	94.9	95.6	95.6	76.5	87.0
586	82.9	88.8	98.0	81.0	83.0
587	82.3	79.9	95.5	78.8	84.5
588	89.4	92.0	93.9	62.0	79.0
589	96.3	95.8	94.8	99.0	89.0
590	79.7	90.5	77.2	60.3	67.5
591	66.0	77.9	77.2	83.8	64.5
592	96.0	76.0	92.6	86.0	69.5
593	91.1	90.1	91.6	72.5	71.5
594	86.1	94.9	92.2	72.0	56.5
595	73.3	75.4	93.7	82.0	72.0
596	90.5	86.0	87.8	74.0	69.0
597	96.6	99.7	95.8	88.0	91.5
598	81.8	90.5	84.2	0.0	70.0
599	68.9	80.5	87.6	55.8	70.0
600	75.5	90.0	88.2	51.3	79.0
601	68.6	80.9	90.5	43.3	37.5
602	89.4	94.7	94.8	54.5	73.0
603	81.4	94.4	88.3	60.5	69.0
604	88.9	98.1	91.8	82.3	81.0
605	53.9	61.0	88.0	65.5	81.5
606	71.9	88.0	93.1	57.5	78.5
607	93.1	97.2	91.6	83.3	57.5
608	82.3	92.7	88.4	58.3	79.5
609	81.3	91.9	88.0	65.0	71.5
610	84.8	75.4	83.8	79.3	60.0
611	89.6	95.8	92.6	91.0	87.0
612	89.6	92.6	68.6	63.5	54.0
613	81.0	84.5	90.1	78.8	84.0
614	88.7	81.6	89.0	83.3	68.8
615	84.3	88.6	67.8	42.0	56.5
616	16.2	15.5	80.9	0.0	44.3
617	85.0	76.0	89.0	62.0	62.0
618	79.3	61.3	86.0	58.0	69.5
619	60.0	86.0	93.8	32.5	55.0
620	84.2	86.4	83.4	76.5	84.0
621	61.1	57.2	67.7	58.0	64.0
622	77.2	53.8	80.6	68.5	73.5
623	52.6	60.2	54.1	43.0	11.0
624	92.3	97.2	83.2	88.3	93.0
625	86.6	83.7	86.2	61.0	61.5
626	75.2	73.1	71.1	67.3	49.0
627	56.3	41.2	92.3	62.8	18.0
628	85.3	99.5	89.5	74.0	78.0
629	93.8	81.8	90.5	79.8	93.5
630	76.0	82.4	88.4	38.3	53.5
631	84.8	91.7	90.3	71.0	68.5
632	84.3	94.5	89.7	87.5	74.3
633	85.8	89.8	86.6	73.0	77.5
634	76.0	79.6	89.4	63.8	66.5
635	74.8	65.7	91.3	51.5	61.5
636	79.5	62.4	94.1	73.0	65.0
637	92.5	82.3	93.4	60.8	39.0
638	59.7	62.3	79.9	77.3	41.0
639	88.3	93.5	95.6	56.8	88.0
640	77.4	82.7	85.3	80.0	79.5
641	88.8	82.2	94.7	68.0	75.0
642	90.4	82.0	86.9	69.8	72.5
643	85.7	94.4	89.4	79.0	84.0
644	90.8	80.2	91.3	76.5	59.5
645	75.7	96.0	91.3	55.5	58.5
646	97.2	98.2	91.2	92.5	89.5
647	77.6	78.1	94.8	60.5	45.5
648	84.5	67.1	87.2	46.5	49.5
649	56.3	62.8	92.5	41.8	53.5
650	84.2	90.7	84.1	37.0	44.0
651	88.3	97.8	86.1	77.5	61.0
652	83.8	92.7	87.2	65.8	76.0
653	85.4	93.2	89.4	62.5	79.5
654	91.7	95.3	91.1	95.3	86.5
655	74.6	58.5	97.8	47.8	44.5
656	98.7	98.6	94.7	89.5	94.5
657	79.1	90.0	93.7	85.8	90.5
658	77.5	96.4	92.0	74.3	90.3
659	96.9	91.9	93.4	90.0	95.0
660	98.3	99.4	93.5	82.8	85.0
661	90.9	89.8	88.0	77.0	79.0
662	79.8	87.9	88.6	77.5	97.0
663	92.7	92.6	94.3	76.5	87.0
664	88.4	94.5	86.3	58.3	88.0
665	74.3	89.2	73.3	72.0	82.5
666	88.5	91.8	86.8	69.0	86.0
667	84.0	86.7	94.8	53.5	87.5
668	67.9	69.5	93.3	54.0	42.0
669	83.4	91.6	90.5	75.5	79.5
670	90.1	98.7	96.9	77.3	90.5
671	80.4	85.9	94.5	72.5	69.0
672	72.5	74.3	83.9	62.5	75.5
673	59.5	53.0	86.2	74.0	77.0
674	69.3	85.1	90.1	72.3	86.0
675	78.3	92.8	85.0	65.5	57.0
676	85.9	92.4	94.3	76.3	87.5
677	78.8	72.4	81.5	61.8	81.0
678	63.8	88.7	78.9	36.3	46.0
679	71.2	83.8	97.4	39.0	47.0
680	93.9	88.1	82.9	77.0	74.5
681	95.7	99.9	88.8	78.5	88.0
682	91.8	96.1	90.5	74.3	65.5
683	89.9	90.8	85.0	78.0	77.0
684	64.7	76.6	93.6	42.0	43.0
685	75.3	73.5	91.6	57.5	41.3
686	75.2	71.6	96.5	54.5	77.5
687	73.9	58.1	67.8	34.3	25.0
688	59.1	60.6	73.8	47.3	63.0
689	57.2	31.8	68.9	0.0	56.0
690	81.8	42.3	94.5	44.5	48.0
691	94.8	88.9	91.2	79.0	91.5
692	80.9	93.9	95.1	68.0	68.0
693	70.4	18.7	87.0	30.0	57.0
694	78.9	90.9	83.4	57.3	55.0
695	89.6	59.1	91.8	90.0	91.5
696	81.8	86.0	95.7	59.3	71.3
697	85.3	78.2	86.9	39.8	66.5
698	84.3	90.3	90.1	75.3	65.5
699	82.0	92.6	92.3	67.5	73.0
700	80.1	90.1	90.5	51.3	72.0
701	88.7	97.0	91.6	72.5	79.0
702	84.4	96.4	80.5	62.3	62.0
703	87.2	80.6	94.9	63.8	93.5
704	90.3	86.3	86.2	81.0	82.0
705	51.1	42.5	93.5	67.5	44.0
706	82.1	89.1	71.1	64.5	79.5
707	96.6	98.3	83.4	82.5	94.5
708	89.4	84.8	93.4	72.5	85.0
709	88.8	83.6	93.4	76.3	66.0
710	84.2	88.4	92.6	68.5	79.0
711	64.6	90.4	0.0	62.3	80.5
712	82.2	87.2	73.9	53.3	77.0
713	96.1	97.6	96.9	64.8	66.0
714	87.4	96.4	86.3	76.0	84.0
715	94.2	98.3	97.4	86.8	90.0
716	84.1	82.8	93.2	55.0	68.0
717	86.5	96.1	98.0	87.5	88.5
718	80.0	68.6	87.0	59.3	72.0
719	75.8	84.6	96.0	60.5	22.0
720	78.6	90.6	88.0	60.5	73.0
721	74.1	84.9	80.6	67.5	47.5
722	85.5	93.3	85.5	62.8	97.0
723	70.0	48.0	92.0	70.5	62.0
724	73.4	84.0	81.7	61.5	61.5
725	74.5	90.5	91.3	56.5	77.5
726	67.7	93.7	91.2	55.3	27.5
727	81.1	81.4	72.2	78.0	53.5
728	89.3	93.7	96.9	84.8	98.0
729	72.2	62.6	95.3	73.0	64.0
730	91.0	91.9	83.0	78.0	74.0
731	88.0	82.3	97.8	85.3	98.5
732	72.7	71.2	86.2	58.0	79.0
733	93.3	76.3	83.8	79.0	85.5
734	96.4	95.9	92.9	90.0	95.5
735	87.5	90.3	94.1	83.5	75.3
736	89.9	78.0	89.0	66.5	81.5
737	87.7	90.4	82.9	73.3	77.0
738	84.7	94.1	90.9	86.0	75.0
739	93.1	88.9	89.8	59.0	64.5
740	81.2	94.4	86.3	67.5	72.5
741	85.6	91.3	85.0	56.5	57.0
742	77.6	86.8	93.7	71.0	80.5
743	77.4	91.4	89.0	61.0	92.5
744	90.3	88.3	83.0	89.3	87.0
745	86.2	90.1	95.3	67.0	58.5
746	64.8	53.4	68.9	0.0	0.0
747	78.5	83.2	91.3	78.0	75.0
748	91.3	94.1	95.3	71.5	74.0
749	52.9	44.7	70.4	28.5	21.0
750	74.3	56.1	83.8	43.3	53.8
751	51.2	60.5	55.0	29.3	46.5
752	89.0	94.8	97.3	72.0	40.0
753	90.6	88.3	86.4	64.8	89.5
754	81.6	91.4	97.3	83.5	65.8
755	90.3	87.7	92.6	79.5	53.0
756	90.2	89.0	94.6	80.5	82.0
757	90.3	87.8	94.8	61.8	67.0
758	86.2	95.6	94.8	88.5	82.8
759	90.1	79.4	97.8	87.0	86.3
760	93.3	82.8	90.7	51.3	56.0
761	79.0	85.9	87.2	70.3	74.5
762	90.3	80.4	82.0	76.5	84.0
763	88.0	93.4	80.4	42.8	74.5
764	87.3	79.6	92.3	66.8	54.0
765	80.8	67.3	71.1	72.5	68.5
766	94.9	94.9	78.4	88.5	90.0
767	83.2	75.3	83.4	78.3	92.5
768	96.1	97.3	91.5	95.0	92.0
769	89.7	83.1	81.3	95.0	63.5
770	81.8	61.8	88.6	62.0	43.0
771	72.7	88.6	67.4	45.5	70.0
772	62.9	91.4	88.0	57.0	69.5
773	82.6	50.3	84.9	66.3	86.5
774	72.0	23.0	85.4	52.0	69.5
775	85.3	96.0	90.1	74.3	91.5
776	89.7	96.2	80.1	80.8	67.5
777	80.8	66.0	86.0	53.0	49.0
778	82.5	95.1	93.1	84.5	96.0
779	84.8	90.0	86.3	59.5	69.5
780	89.6	95.3	82.5	71.0	90.0
781	90.3	97.0	81.7	89.0	93.5
782	92.7	91.5	88.6	86.3	81.5
783	90.8	96.5	89.0	68.8	71.0
784	88.4	82.2	82.2	63.0	52.0
785	77.7	94.9	92.6	69.5	79.5
786	85.9	86.8	94.4	74.5	80.0
787	88.2	97.0	80.1	72.0	59.0
788	79.9	92.6	83.1	73.0	75.0
789	97.7	99.0	91.6	91.0	79.5
790	86.7	96.4	90.5	70.0	80.0
791	94.9	96.0	91.7	81.0	70.5
792	88.0	94.6	76.9	77.5	72.5
793	96.3	98.4	94.9	93.0	84.5
794	78.1	75.5	86.3	52.8	47.5
795	87.5	95.1	88.5	65.5	63.5
796	86.9	96.9	95.5	78.5	94.0
797	95.7	98.6	95.6	90.0	95.0
798	87.3	97.0	93.0	68.5	83.5
799	91.0	87.1	94.3	70.0	71.5
800	89.7	90.9	90.1	55.3	82.5
801	87.7	85.4	87.4	74.0	81.0
802	88.0	89.6	86.4	82.3	81.5
803	91.5	92.6	87.1	90.0	83.0
804	99.1	98.4	89.8	88.0	80.0
805	95.3	92.6	89.7	82.8	89.5
806	88.7	86.6	93.3	70.0	82.5
807	82.0	75.6	93.9	82.5	87.5
808	93.6	77.7	89.8	61.0	61.5
809	86.9	77.6	96.5	56.0	71.0
810	83.7	86.8	80.7	53.0	53.5
811	40.7	16.1	73.3	49.8	0.0
812	76.6	93.3	77.2	56.0	79.8
813	59.6	65.8	87.0	72.8	51.5
814	82.3	80.7	94.8	69.5	86.3
815	79.8	82.6	94.0	88.0	72.5
816	81.6	87.0	90.9	66.0	83.5
817	69.3	72.4	94.4	47.3	81.5
818	78.0	66.3	86.8	68.8	76.5
819	64.5	87.4	81.4	63.0	67.8
820	92.5	97.0	80.7	85.3	92.8
821	51.2	31.4	92.2	59.8	62.0
822	67.3	74.0	92.0	52.5	50.5
823	72.8	92.8	75.0	61.0	71.5
824	66.7	71.8	94.7	73.5	81.8
825	70.0	77.9	74.7	49.5	21.5
826	86.0	64.0	85.0	59.0	48.0
827	90.2	96.5	96.0	88.0	74.0
828	93.2	86.2	95.8	82.0	88.0
829	59.4	54.8	88.0	61.8	75.0
830	88.5	88.9	94.3	86.5	75.0
831	91.5	97.3	99.2	70.5	89.0
832	93.8	96.4	93.8	86.5	57.0
833	59.8	70.8	91.2	68.8	79.5
834	83.9	84.5	87.8	62.5	78.5
835	48.3	37.9	93.5	73.8	43.0
836	80.9	54.4	86.4	81.0	77.5
837	92.2	79.8	90.7	54.5	68.5
838	90.3	88.2	83.0	68.0	73.0
839	85.1	91.9	93.0	53.5	46.0
840	80.1	93.1	90.0	59.3	90.5
841	82.9	88.6	90.3	0.0	80.5
842	89.8	87.6	94.6	80.0	83.0
843	79.8	90.6	73.9	71.5	79.0
844	51.9	58.7	55.0	57.3	33.0
845	84.2	48.4	86.3	61.8	67.0
846	66.9	63.8	91.6	52.5	32.5
847	65.0	54.1	89.0	38.3	24.0
848	79.7	78.8	94.2	56.0	79.5
849	78.9	96.5	93.0	55.5	72.5
850	88.6	86.6	86.7	72.0	94.0
851	80.1	75.7	94.3	55.0	57.0
852	79.6	93.8	88.2	38.5	70.0
853	72.0	88.7	96.0	49.5	57.0
854	91.8	94.2	87.9	85.0	79.5
855	92.8	95.1	81.9	81.0	70.0
856	94.7	91.1	92.3	90.0	93.0
857	89.9	97.9	67.4	70.5	89.5
858	70.1	89.9	88.5	52.3	45.8
859	74.2	80.3	98.6	67.5	65.0
860	63.3	77.0	81.4	57.0	0.0
861	94.7	97.2	91.2	85.5	88.0
862	96.2	93.3	93.8	77.0	57.5
863	79.7	67.6	83.4	47.0	79.3
864	91.5	97.3	94.8	85.5	88.5
865	84.1	94.8	91.8	92.5	76.8
866	81.8	81.7	89.0	82.0	84.5
867	88.8	96.5	67.8	73.0	82.0
868	81.9	93.1	91.3	78.0	86.0
869	72.4	65.7	95.4	80.0	65.3
870	34.6	27.7	70.6	54.5	27.5
871	87.1	85.1	92.0	52.0	93.8
872	73.4	71.8	79.0	49.0	64.5
873	64.0	69.5	84.2	63.3	70.8
874	84.1	90.7	88.6	39.8	86.5
875	85.2	75.6	94.3	54.5	58.5
876	82.7	94.1	93.8	68.3	77.0
877	93.6	91.8	88.1	89.3	93.0
878	93.9	97.0	96.5	93.0	88.0
879	85.8	97.1	86.3	67.0	62.0
880	86.0	97.3	93.1	67.5	58.0
881	93.5	100.0	76.5	66.0	94.0
882	75.1	56.8	73.1	50.5	39.5
883	91.0	93.2	88.0	65.5	69.5
884	90.4	97.3	94.8	89.3	77.5
885	18.6	0.0	54.1	43.0	24.3
886	83.6	72.9	91.5	52.0	93.0
887	76.9	98.6	73.7	56.0	96.0
888	90.6	81.3	93.2	77.0	73.0
889	81.8	88.8	91.3	49.5	47.0
890	75.5	78.5	91.6	35.0	37.0
891	71.9	83.5	86.2	46.0	59.0
892	86.9	100.0	76.5	0.0	80.5
893	42.1	24.3	76.9	52.8	36.5
894	78.7	88.2	95.1	52.0	62.5
895	64.2	56.8	95.4	60.0	58.0
896	89.6	84.8	93.1	90.0	88.0
897	81.7	82.9	86.7	76.5	63.0
898	76.8	80.6	93.4	73.3	89.0
899	79.6	83.1	86.4	81.0	87.5
900	82.7	87.9	92.6	70.0	85.0
901	86.5	89.3	80.6	77.8	66.0
902	92.4	92.3	87.9	74.3	81.5
903	67.0	84.6	79.9	39.5	48.5
904	93.2	98.0	76.5	88.3	94.0
905	41.8	33.4	70.6	42.3	61.5
906	75.3	85.4	96.0	71.5	58.0
907	84.1	89.9	94.9	78.5	86.0
908	65.5	69.1	86.2	67.0	64.5
909	69.3	82.3	94.2	33.8	63.0
910	90.6	97.5	97.3	80.0	54.0
911	56.5	45.8	70.6	45.3	53.0
912	87.3	87.0	91.3	54.5	72.8
913	86.7	90.8	83.8	54.0	53.8
914	76.7	79.4	86.2	83.8	72.5
915	94.9	98.7	88.2	73.5	90.0
916	88.7	90.3	86.6	84.8	81.0
917	80.1	93.1	89.0	64.0	70.8
918	72.3	78.8	88.2	66.0	79.0
919	88.0	90.2	94.7	65.5	63.0
920	89.5	82.4	74.7	78.5	95.5
921	93.4	94.7	89.5	64.8	0.0
922	85.6	88.4	94.7	61.5	61.0
923	92.1	81.5	87.2	75.5	73.0
924	66.3	89.5	89.5	41.0	0.0
925	87.4	84.4	80.4	69.8	89.0
926	94.2	89.9	94.3	92.5	82.0
927	34.7	14.1	80.6	30.0	0.0
928	56.6	72.1	88.0	39.0	74.0
929	90.8	96.8	82.9	82.3	49.0
930	88.4	90.7	86.8	81.5	92.0
931	84.3	87.1	86.6	76.0	61.0
932	65.8	69.8	73.1	63.5	47.5
933	77.2	70.2	96.5	88.0	72.5
934	74.9	92.2	88.2	37.5	78.5
935	88.8	95.2	79.9	77.0	76.5
936	91.7	96.6	67.4	79.5	91.0
937	93.8	93.4	95.6	85.0	89.5
938	83.8	76.0	98.6	92.0	88.8
939	97.3	98.3	86.7	78.5	94.0
940	96.3	93.9	93.9	76.0	91.5
941	88.5	91.7	81.9	82.0	94.3
942	89.7	93.6	87.0	75.0	84.3
943	95.1	92.6	95.3	66.0	87.0
944	89.2	94.8	88.5	70.0	87.0
945	89.4	94.6	88.8	78.0	76.0
946	89.9	90.3	88.8	97.0	81.0
947	89.9	93.0	94.8	81.0	83.5
948	87.6	98.3	94.8	54.8	91.5
949	98.1	98.9	94.7	91.5	92.5
950	80.9	91.7	95.3	84.5	95.5
951	94.7	94.1	82.9	92.0	93.0
952	89.8	95.7	82.5	88.0	92.0
953	92.4	97.8	93.0	78.0	86.0
954	86.7	87.2	90.1	79.0	93.5
955	89.9	95.3	99.0	94.5	91.8
956	89.5	92.3	89.9	82.0	90.0
957	82.8	93.5	88.6	76.8	91.0
958	87.7	88.0	97.2	66.8	83.5
959	91.7	94.7	97.2	96.0	87.0
960	89.7	94.5	93.7	79.0	81.5
961	97.0	88.0	90.7	82.8	95.5
962	89.5	85.7	93.5	68.8	86.5
963	92.0	86.6	93.5	82.8	85.0
964	83.4	84.7	94.3	80.3	88.0
965	94.7	89.7	87.9	84.5	94.5
966	93.1	85.9	94.9	85.5	76.0
967	92.2	93.1	78.4	81.5	86.0
968	95.2	93.9	92.3	93.5	92.0
969	95.4	98.2	89.4	94.5	91.0
970	86.6	89.3	77.2	88.5	87.0
971	88.9	88.5	87.3	85.3	87.3
972	92.1	94.3	76.6	89.5	92.5
973	91.9	95.9	94.8	71.5	83.0
974	97.1	94.3	92.6	75.5	83.5
975	88.4	93.0	87.4	73.3	87.0
976	92.3	89.3	86.7	77.0	92.5
977	92.4	92.8	96.9	86.5	93.0
978	95.2	95.3	94.0	79.5	88.5
979	81.3	85.2	97.4	58.5	81.5
980	90.2	96.7	85.0	44.0	66.0
981	92.3	94.1	82.2	72.3	91.5
982	85.8	76.9	84.1	89.3	70.5
983	84.6	89.7	88.6	67.3	83.5
984	84.6	88.9	88.5	70.0	78.0
985	84.5	88.8	81.9	60.0	73.0
986	87.7	90.2	92.0	65.0	81.0
987	86.8	92.3	82.5	77.0	64.0
988	79.5	60.9	90.1	76.0	64.5
989	71.0	91.5	90.1	54.8	91.0
990	83.0	90.1	81.7	82.8	87.5
991	79.3	90.0	88.6	59.3	82.5
992	87.2	98.5	85.7	70.0	71.0
993	78.3	97.0	83.2	59.5	57.5
994	74.0	75.2	90.5	49.3	91.5
995	92.1	85.0	93.4	81.5	64.5
996	89.9	87.8	92.9	61.3	79.5
997	77.7	68.8	93.5	58.0	65.5
998	78.0	70.9	90.5	61.5	90.0
999	86.9	79.5	92.9	55.8	64.0
1000	85.8	93.6	87.1	69.8	73.0
1001	61.6	75.9	73.9	80.3	85.0
1002	80.4	96.5	91.4	63.8	73.5
1003	77.0	93.2	91.4	61.0	84.0
1004	90.7	89.0	84.2	80.5	70.5
1005	95.2	88.6	83.5	75.0	81.5
1006	85.4	78.1	91.2	65.8	71.5
1007	89.9	93.7	93.8	52.5	56.5
1008	73.7	61.0	67.4	85.0	96.5
1009	90.1	86.3	92.6	56.8	54.0
1010	86.3	81.5	90.9	55.0	69.5
1011	95.4	92.4	81.3	80.0	64.0
1012	87.6	98.4	83.1	72.8	79.0
1013	92.9	93.8	88.8	76.0	68.0
1014	88.6	90.0	93.9	73.8	62.5
1015	70.5	65.7	85.0	55.8	80.0
1016	87.7	93.2	93.0	50.8	72.5
1017	82.6	80.1	88.8	45.0	43.5
1018	69.0	78.4	87.4	29.0	35.8
1019	65.5	89.1	88.8	50.0	51.0
1020	67.1	85.6	64.5	47.5	65.0
1021	58.1	81.4	71.1	61.8	74.5
1022	78.0	63.4	92.9	47.5	37.5
1023	79.4	83.5	78.4	44.5	54.5
1024	73.5	47.2	76.0	63.5	36.0
1025	55.9	72.7	83.8	38.0	93.0
1026	85.6	81.2	88.8	79.0	82.5
1027	76.6	82.9	86.0	67.3	78.0
1028	58.4	44.0	67.7	75.5	66.5
1029	62.1	48.1	81.4	47.0	39.5
1030	76.0	51.5	83.5	40.0	27.0
1031	44.9	13.6	80.9	28.8	30.8